19869 19183
19682 18763
19613 18543
19298 18868
19742 18802
19599 18524
19729 18995
19965 19029
19620 18316
19661 18936
19636 18740
19909 19001
19488 18927
19985 19339
18110 17250
19838 19041
19219 17665
19462 18608
19654 18707
19732 18592
19476 18371
19820 18807
19603 18716
19798 18718
19676 18928
19846 18411
19727 18151
19790 18695
19770 18849
19802 19087
13018 11890
19677 18702
19683 18597
19650 18324
19771 17913
19649 18739
19485 17971
19964 18951
19764 18822
19452 18714
20203 19102
17008 15892
16844 15848
19753 18883
19573 18943
19737 18806
19592 18535
19757 19057
19708 18340
19371 17901
19702 18736
19601 19048
19607 18618
19815 18769
19678 18652
19531 18909
19444 17915
19677 18880
19698 18162
19382 18315
19592 18445
19452 18577
19839 18699
19885 18318
19624 18644
19780 18896
19706 19046
17536 16606
19551 18351
19319 18835
19834 19338
19925 18666
19460 18530
19433 18700
19320 18627
