10471 10366
10483 10256
10601 10601
10236 10139
10247 10173
10202 9875
9970 9970
10319 10196
10155 9862
10321 10160
10204 9770
10118 10002
10470 10470
10166 9975
10339 10339
10312 10138
10175 9852
10543 10376
10015 9732
10359 10159
10215 10215
10156 9294
10278 9724
10226 9774
10140 9933
10025 9602
10364 10180
10358 9627
10319 9898
10285 10150
10131 9597
10253 9988
10453 10450
10432 10357
10198 9716
9861 9715
10244 10114
10262 9829
10199 10047
10598 10432
6499 6499
10419 10352
10582 10582
10323 9863
10370 10370
8761 8246
10373 10097
10287 9967
10378 10215
10446 10135
10203 10203
10276 9922
9903 9665
10362 9992
10335 9909
10473 10155
10181 9934
10190 9974
10773 10636
10336 10256
9626 9626
10121 9819
10487 10372
10249 9915
10196 9492
10473 10287
10525 10331
10279 10256
10595 10422
10107 10107
10192 9786
10187 9703
10003 9852
10197 9786
10312 10237
10455 10302
10259 9879
10147 9859
10638 10531
10224 10192
10441 10332
10394 10046
10191 9963
10475 10449
10179 10179
10171 9666
10305 9839
9855 9787
10401 10196
10214 9887
10380 10187
10167 10141
10530 10530
10281 10204
10343 9988
10228 9770
10381 10045
10527 10405
10352 10129
10298 9999
