10005 9251
10148 9190
9818 9116
10003 9176
9817 9062
9841 9294
10084 9306
10066 9378
9521 8848
9939 9153
10230 9432
9961 8914
10083 9358
9796 9187
10173 9472
10116 9911
10017 9495
10015 9696
10003 9600
10054 9732
10023 9846
9156 8379
10069 9420
9806 8948
10127 9483
9915 8816
10123 9229
10010 8962
9773 8911
9913 9281
9998 9457
10025 9503
10135 9467
10013 9387
9851 9477
10112 9398
10044 8804
10183 9450
9807 9369
10031 9286
10029 9224
10046 9325
10099 9785
10054 9512
9839 9122
9990 9401
9849 9493
9829 9091
10071 9220
9915 9447
10002 9258
9107 8784
9818 9203
9984 9362
10137 9776
9977 8876
9918 9260
9963 9408
10044 9146
9994 9139
10148 9310
9861 9300
10080 8838
9915 9192
10141 9355
10051 9220
10056 9473
10127 9219
9937 9388
10129 9529
10156 9512
10122 9189
9768 9121
9894 9687
9866 9314
7572 7202
9990 9183
10113 9636
10012 9245
10065 9255
9911 9369
10095 9585
10130 9595
10139 9274
10008 8934
9926 9264
9968 9269
9940 9512
9412 8552
10060 9274
10071 9546
9942 9522
9982 9376
10076 9521
9922 9045
9840 9177
10128 9471
10039 9344
10103 9296
9897 9126
