10005 7438
10148 7050
9818 7363
10003 7453
9817 7218
9841 7706
10084 7522
10066 7434
9521 7171
9939 7233
10230 7553
9961 6804
10083 7522
9796 7669
10173 7762
10116 8681
10017 8118
10015 8393
10003 8074
10054 8372
10023 8770
9156 6694
10069 7804
9806 7101
10127 7752
9915 6702
10123 7332
10010 6891
9773 7054
9913 7611
9998 7841
10025 7834
10135 7577
10013 7453
9851 8198
10112 7795
10044 6672
10183 7559
9807 7826
10031 7512
10029 7358
10046 7394
10099 8637
10054 7939
9839 7358
9990 7734
9849 7966
9829 7283
10071 7289
9915 8154
10002 7463
9107 7417
9818 7549
9984 7719
10137 8375
9977 6856
9918 7427
9963 7864
10044 7421
9994 7237
10148 7464
9861 7800
10080 6670
9915 7405
10141 7479
10051 7443
10056 7853
10127 7267
9937 7855
10129 7928
10156 7840
10122 7102
9768 7441
9894 8342
9866 7998
7572 5826
9990 7366
10113 8170
10012 7589
10065 7372
9911 7859
10095 8092
10130 8083
10139 7318
10008 6750
9926 7632
9968 7461
9940 8042
9412 6815
10060 7542
10071 8001
9942 8076
9982 7699
10076 7863
9922 7086
9840 7558
10128 7775
10039 7627
10103 7295
9897 7422
