19869 17288
19682 16628
19613 16091
19298 17320
19742 16430
19599 15935
19729 16895
19965 16744
19620 15631
19661 16944
19636 16468
19909 16736
19488 17262
19985 17630
18110 15100
19838 16778
19219 14839
19462 16571
19654 16328
19732 16163
19476 15965
19820 16359
19603 16422
19798 16382
19676 16830
19846 15615
19727 15365
19790 16101
19770 16513
19802 16971
13018 9811
19677 16090
19683 15710
19650 15659
19771 15043
19649 16330
19485 14950
19964 16402
19764 16411
19452 16642
20203 16289
17008 13453
16844 13542
19753 16478
19573 17104
19737 16449
19592 16162
19757 17073
19708 15576
19371 15228
19702 16090
19601 17049
19607 16151
19815 16639
19678 16076
19531 16914
19444 15100
19677 16834
19698 15284
19382 15709
19592 16013
19452 16390
19839 15961
19885 15334
19624 16247
19780 16524
19706 17112
17536 14357
19551 15533
19319 17260
19834 17780
19925 15864
19460 16321
19433 16683
19320 16694
