10471 9310
10483 9115
10601 9714
10236 9027
10247 9182
10202 8507
9970 9222
10319 9150
10155 8556
10321 9052
10204 8399
10118 8888
10470 9666
10166 8808
10339 9537
10312 9082
10175 8622
10543 9259
10015 8528
10359 8990
10215 9289
10156 7395
10278 8276
10226 8286
10140 8791
10025 8227
10364 9121
10358 7901
10319 8541
10285 9155
10131 8130
10253 8824
10453 9442
10432 9328
10198 8293
9861 8651
10244 8991
10262 8582
10199 8872
10598 9312
6499 5882
10419 9254
10582 9647
10323 8550
10370 9688
8761 6917
10373 8913
10287 8626
10378 9129
10446 8756
10203 9336
10276 8715
9903 8539
10362 8616
10335 8603
10473 8990
10181 8647
10190 8822
10773 9545
10336 9238
9626 8731
10121 8547
10487 9246
10249 8691
10196 7801
10473 9175
10525 9189
10279 9311
10595 9326
10107 9192
10192 8493
10187 8282
10003 8668
10197 8321
10312 9226
10455 9188
10259 8589
10147 8581
10638 9531
10224 9183
10441 9341
10394 8761
10191 8705
10475 9436
10179 9372
10171 8215
10305 8476
9855 8818
10401 9132
10214 8787
10380 9088
10167 9138
10530 9580
10281 9178
10343 8612
10228 8305
10381 8786
10527 9396
10352 8793
10298 8658
