19869 18206
19682 14298
19613 14706
19298 18789
19742 16249
19599 11376
19729 17901
19965 17217
19620 14882
19661 15677
19636 14828
19909 17093
19488 17938
19985 16965
18110 12921
19838 15605
19219 13006
19462 18107
19654 15415
19732 14843
19476 14575
19820 17181
19603 15206
19798 16155
19676 18328
19846 12910
19727 12756
19790 14137
19770 16985
19802 16250
13018 4921
19677 16008
19683 19194
19650 12044
19771 11750
19649 14947
19485 13931
19964 17370
19764 16558
19452 18316
20203 16457
17008 10476
16844 10703
19753 18259
19573 17900
19737 16251
19592 15944
19757 18190
19708 15181
19371 12215
19702 12714
19601 16141
19607 15254
19815 15019
19678 12873
19531 15611
19444 13879
19677 17500
19698 13219
19382 12605
19592 13301
19452 14534
19839 15648
19885 12916
19624 15646
19780 17929
19706 16413
17536 14477
19551 15003
19319 18772
19834 19303
19925 14645
19460 15109
19433 17399
19320 18406
