10005 6618
10148 2195
9818 6307
10003 5931
9817 3968
9841 3919
10084 4032
10066 5243
9521 4937
9939 6588
10230 5145
9961 2526
10083 7264
9796 5309
10173 3875
10116 9745
10017 8082
10015 9361
10003 8149
10054 9747
10023 8110
9156 7075
10069 6045
9806 2546
10127 4661
9915 3904
10123 4950
10010 3342
9773 4409
9913 6033
9998 5489
10025 5559
10135 5617
10013 8572
9851 8361
10112 3741
10044 2955
10183 7106
9807 5772
10031 5999
10029 7753
10046 6829
10099 8480
10054 8307
9839 4475
9990 7210
9849 9833
9829 4112
10071 3966
9915 7946
10002 3399
9107 7159
9818 6846
9984 6948
10137 6915
9977 3884
9918 3379
9963 4881
10044 4736
9994 4482
10148 2657
9861 7491
10080 2372
9915 4971
10141 6342
10051 4751
10056 8631
10127 7110
9937 5835
10129 8762
10156 3514
10122 2525
9768 5181
9894 9888
9866 8536
7572 5383
9990 4603
10113 7410
10012 5724
10065 6997
9911 2135
10095 6141
10130 5961
10139 4447
10008 3269
9926 6341
9968 6860
9940 8434
9412 7046
10060 6891
10071 5706
9942 5417
9982 7595
10076 5105
9922 4636
9840 8108
10128 4729
10039 6553
10103 5405
9897 2116
