10471 746
10483 1084
10601 9083
10236 6077
10247 9141
10202 0
9970 9729
10319 9213
10155 6224
10321 7886
10204 3333
10118 5881
10470 9816
10166 3996
10339 2
10312 2953
10175 0
10543 8421
10015 3
10359 0
10215 8
10156 3855
10278 6428
10226 1718
10140 782
10025 2023
10364 125
10358 2894
10319 0
10285 7273
10131 749
10253 9976
10453 10021
10432 54
10198 1795
9861 0
10244 4799
10262 16
10199 5197
10598 6235
6499 6286
10419 8250
10582 10276
10323 3675
10370 0
8761 0
10373 3468
10287 0
10378 9357
10446 7874
10203 9881
10276 0
9903 0
10362 685
10335 4518
10473 26
10181 5024
10190 597
10773 7966
10336 4
9626 3644
10121 788
10487 8266
10249 24
10196 2590
10473 6868
10525 7791
10279 0
10595 0
10107 7820
10192 4346
10187 3250
10003 6019
10197 2196
10312 8527
10455 9
10259 0
10147 6909
10638 2937
10224 9717
10441 3
10394 1901
10191 3
10475 0
10179 8781
10171 4459
10305 0
9855 1096
10401 0
10214 207
10380 0
10167 0
10530 10030
10281 9104
10343 1
10228 4882
10381 6451
10527 9447
10352 9423
10298 5452
