19869 19869
19682 19682
19613 19613
19298 19298
19742 19742
19599 19599
19729 19729
19965 19965
19620 19620
19661 19661
19636 19636
19909 19909
19488 19488
19985 19985
18110 18110
19838 19838
19219 19219
19462 19462
19654 19654
19732 19732
19476 19152
19820 19820
19603 19603
19798 19798
19676 19676
19846 19846
19727 19711
19790 19790
19770 19770
19802 19802
13018 13018
19677 19677
19683 19683
19650 19650
19771 19134
19649 19649
19485 17347
19964 19964
19764 19764
19452 19452
20203 20203
17008 17008
16844 16844
19753 19753
19573 19573
19737 19737
19592 19592
19757 19757
19708 19708
19371 19371
19702 19702
19601 19601
19607 19198
19815 19815
19678 19678
19531 19531
19444 19444
19677 19677
19698 19698
19382 19382
19592 19592
19452 19452
19839 19839
19885 19885
19624 19624
19780 19780
19706 19706
17536 17536
19551 19551
19319 19319
19834 19834
19925 19925
19460 19460
19433 19433
19320 19320
