10005 10005
10148 10148
9818 9818
10003 8963
9817 9817
9841 9841
10084 10084
10066 10066
9521 9521
9939 9939
10230 10230
9961 9961
10083 10083
9796 9522
10173 10173
10116 10116
10017 10017
10015 10015
10003 10003
10054 10054
10023 10023
9156 9156
10069 10069
9806 9756
10127 10127
9915 9915
10123 10123
10010 7084
9773 9773
9913 9913
9998 9998
10025 10025
10135 10135
10013 10013
9851 9851
10112 10112
10044 9752
10183 10183
9807 9807
10031 10031
10029 10029
10046 10046
10099 10099
10054 10054
9839 9839
9990 9990
9849 9849
9829 9829
10071 10071
9915 9915
10002 10002
9107 9107
9818 9818
9984 9984
10137 10137
9977 9977
9918 9918
9963 9963
10044 10044
9994 9994
10148 10148
9861 9861
10080 9834
9915 9915
10141 9723
10051 10051
10056 10056
10127 10126
9937 9937
10129 10129
10156 10156
10122 10122
9768 9768
9894 9894
9866 9866
7572 7572
9990 9990
10113 10113
10012 10012
10065 10065
9911 9911
10095 10095
10130 10130
10139 10139
10008 10008
9926 9926
9968 9968
9940 9940
9412 9412
10060 10060
10071 10071
9942 9942
9982 9982
10076 10076
9922 9922
9840 9840
10128 10128
10039 10039
10103 10103
9897 9897
