10471 10471
10483 10483
10601 10601
10236 10236
10247 10247
10202 9659
9970 9970
10319 10319
10155 10155
10321 10321
10204 10204
10118 10118
10470 10470
10166 10166
10339 10339
10312 10312
10175 9903
10543 10543
10015 10015
10359 10359
10215 10215
10156 10028
10278 10278
10226 5971
10140 10140
10025 10007
10364 10364
10358 10358
10319 10319
10285 10285
10131 9717
10253 10253
10453 10453
10432 10432
10198 10198
9861 3322
10244 10244
10262 10251
10199 10199
10598 10598
6499 6499
10419 10419
10582 10582
10323 10322
10370 10370
8761 8760
10373 10373
10287 10287
10378 10378
10446 10446
10203 10203
10276 2016
9903 9903
10362 10362
10335 10335
10473 10450
10181 10181
10190 8004
10773 10773
10336 10336
9626 9626
10121 10121
10487 10487
10249 9999
10196 10196
10473 10473
10525 10525
10279 10279
10595 10595
10107 10107
10192 10192
10187 10182
10003 10003
10197 10197
10312 10312
10455 10455
10259 10259
10147 10147
10638 10638
10224 10224
10441 10441
10394 10394
10191 10191
10475 10475
10179 10179
10171 10171
10305 10305
9855 9855
10401 9108
10214 10214
10380 10380
10167 10167
10530 10530
10281 10281
10343 10343
10228 10228
10381 10381
10527 10527
10352 10352
10298 10298
