19869 18222
19682 17671
19613 17245
19298 18121
19742 17585
19599 17214
19729 17947
19965 17874
19620 16913
19661 17968
19636 17600
19909 17847
19488 18109
19985 18468
18110 16133
19838 17932
19219 16155
19462 17585
19654 17467
19732 17296
19476 17091
19820 17501
19603 17495
19798 17462
19676 17902
19846 16945
19727 16676
19790 17383
19770 17658
19802 18026
13018 10798
19677 17398
19683 17153
19650 16956
19771 16389
19649 17515
19485 16404
19964 17656
19764 17590
19452 17715
20203 17714
17008 14609
16844 14594
19753 17624
19573 18004
19737 17555
19592 17279
19757 18051
19708 16908
19371 16468
19702 17425
19601 18114
19607 17377
19815 17652
19678 17341
19531 17921
19444 16420
19677 17862
19698 16650
19382 16957
19592 17145
19452 17471
19839 17268
19885 16758
19624 17440
19780 17708
19706 18086
17536 15436
19551 16902
19319 18063
19834 18591
19925 17227
19460 17385
19433 17695
19320 17666
