10471 9803
10483 9657
10601 10168
10236 9574
10247 9647
10202 9209
9970 9590
10319 9640
10155 9214
10321 9581
10204 9084
10118 9433
10470 10067
10166 9377
10339 9927
10312 9575
10175 9211
10543 9798
10015 9110
10359 9547
10215 9731
10156 8294
10278 8987
10226 9047
10140 9359
10025 8914
10364 9618
10358 8749
10319 9203
10285 9611
10131 8866
10253 9367
10453 9912
10432 9816
10198 9019
9861 9155
10244 9526
10262 9179
10199 9450
10598 9844
6499 6168
10419 9788
10582 10102
10323 9198
10370 10029
8761 7547
10373 9493
10287 9288
10378 9646
10446 9470
10203 9747
10276 9277
9903 9099
10362 9315
10335 9228
10473 9549
10181 9305
10190 9379
10773 10060
10336 9730
9626 9184
10121 9183
10487 9799
10249 9282
10196 8634
10473 9716
10525 9739
10279 9756
10595 9859
10107 9608
10192 9142
10187 8998
10003 9260
10197 9068
10312 9704
10455 9725
10259 9231
10147 9212
10638 10000
10224 9672
10441 9808
10394 9387
10191 9336
10475 9907
10179 9782
10171 8960
10305 9151
9855 9276
10401 9647
10214 9305
10380 9609
10167 9618
10530 10030
10281 9670
10343 9302
10228 9055
10381 9396
10527 9874
10352 9468
10298 9339
