10005 8311
10148 8055
9818 8217
10003 8263
9817 8136
9841 8495
10084 8382
10066 8375
9521 7975
9939 8151
10230 8439
9961 7788
10083 8409
9796 8414
10173 8605
10116 9295
10017 8778
10015 9047
10003 8883
10054 9070
10023 9287
9156 7487
10069 8578
9806 8006
10127 8618
9915 7695
10123 8229
10010 7859
9773 7902
9913 8433
9998 8638
10025 8676
10135 8529
10013 8424
9851 8821
10112 8570
10044 7632
10183 8482
9807 8615
10031 8365
10029 8265
10046 8344
10099 9180
10054 8727
9839 8191
9990 8555
9849 8789
9829 8158
10071 8195
9915 8781
10002 8369
9107 8118
9818 8383
9984 8523
10137 9099
9977 7781
9918 8323
9963 8632
10044 8221
9994 8139
10148 8357
9861 8542
10080 7646
9915 8284
10141 8402
10051 8292
10056 8653
10127 8187
9937 8606
10129 8726
10156 8661
10122 8094
9768 8267
9894 9058
9866 8605
7572 6519
9990 8261
10113 8908
10012 8364
10065 8300
9911 8604
10095 8823
10130 8848
10139 8259
10008 7764
9926 8421
9968 8351
9940 8792
9412 7609
10060 8371
10071 8785
9942 8801
9982 8506
10076 8720
9922 8015
9840 8344
10128 8613
10039 8477
10103 8304
9897 8228
