19869 16355
19682 15665
19613 15009
19298 16452
19742 15292
19599 14774
19729 15944
19965 15715
19620 14481
19661 15986
19636 15395
19909 15724
19488 16411
19985 16819
18110 14144
19838 15722
19219 13753
19462 15522
19654 15270
19732 15142
19476 14949
19820 15297
19603 15414
19798 15463
19676 15850
19846 14445
19727 14196
19790 14940
19770 15395
19802 15935
13018 8944
19677 14920
19683 14410
19650 14566
19771 13880
19649 15237
19485 13694
19964 15203
19764 15353
19452 15566
20203 15011
17008 12448
16844 12621
19753 15389
19573 16284
19737 15456
19592 15082
19757 16196
19708 14407
19371 14164
19702 14750
19601 16000
19607 14984
19815 15739
19678 14874
19531 15944
19444 13998
19677 15849
19698 14100
19382 14580
19592 14966
19452 15318
19839 14819
19885 14050
19624 15176
19780 15361
19706 16194
17536 13376
19551 14294
19319 16480
19834 16959
19925 14658
19460 15258
19433 15719
19320 15807
