10005 6649
10148 6216
9818 6640
10003 6741
9817 6399
9841 6995
10084 6758
10066 6629
9521 6462
9939 6499
10230 6736
9961 5979
10083 6723
9796 7011
10173 6988
10116 8051
10017 7551
10015 7765
10003 7333
10054 7646
10023 8255
9156 6026
10069 7101
9806 6324
10127 6969
9915 5889
10123 6574
10010 6063
9773 6338
9913 6863
9998 7076
10025 7059
10135 6706
10013 6597
9851 7601
10112 7096
10044 5920
10183 6735
9807 7092
10031 6736
10029 6579
10046 6550
10099 8111
10054 7229
9839 6608
9990 7015
9849 7208
9829 6531
10071 6498
9915 7598
10002 6685
9107 6776
9818 6746
9984 7000
10137 7695
9977 6085
9918 6683
9963 7145
10044 6762
9994 6451
10148 6698
9861 7089
10080 5882
9915 6609
10141 6650
10051 6703
10056 7115
10127 6548
9937 7163
10129 7207
10156 7085
10122 6265
9768 6706
9894 7649
9866 7417
7572 5224
9990 6534
10113 7463
10012 6917
10065 6548
9911 7158
10095 7437
10130 7385
10139 6497
10008 5903
9926 6869
9968 6661
9940 7344
9412 6159
10060 6803
10071 7270
9942 7393
9982 6965
10076 7048
9922 6305
9840 6886
10128 7015
10039 6900
10103 6417
9897 6665
