10471 8815
10483 8606
10601 9246
10236 8463
10247 8722
10202 7780
9970 8843
10319 8679
10155 7939
10321 8568
10204 7747
10118 8362
10470 9285
10166 8258
10339 9115
10312 8581
10175 8036
10543 8757
10015 7978
10359 8417
10215 8834
10156 6615
10278 7662
10226 7553
10140 8240
10025 7599
10364 8669
10358 7147
10319 7941
10285 8733
10131 7451
10253 8318
10453 9000
10432 8855
10198 7662
9861 8146
10244 8453
10262 8005
10199 8349
10598 8760
6499 5624
10419 8771
10582 9191
10323 7924
10370 9333
8761 6387
10373 8359
10287 8002
10378 8643
10446 8134
10203 8938
10276 8202
9903 7939
10362 7997
10335 8047
10473 8453
10181 8019
10190 8258
10773 9060
10336 8740
9626 8316
10121 7904
10487 8680
10249 8117
10196 7063
10473 8660
10525 8658
10279 8866
10595 8834
10107 8829
10192 7883
10187 7570
10003 8111
10197 7568
10312 8789
10455 8621
10259 7936
10147 7959
10638 9107
10224 8697
10441 8900
10394 8168
10191 8057
10475 8978
10179 8990
10171 7494
10305 7836
9855 8349
10401 8585
10214 8315
10380 8572
10167 8623
10530 9137
10281 8693
10343 7919
10228 7682
10381 8172
10527 8937
10352 8134
10298 8049
