19869 19486
19682 14686
19613 17211
19298 18833
19742 18886
19599 11376
19729 18717
19965 17571
19620 15736
19661 15678
19636 17963
19909 18316
19488 19056
19985 18672
18110 13901
19838 15605
19219 14043
19462 18253
19654 15447
19732 15051
19476 15027
19820 19530
19603 18774
19798 17759
19676 19663
19846 15047
19727 13062
19790 17643
19770 18279
19802 19747
13018 4922
19677 16115
19683 19524
19650 14965
19771 12070
19649 17886
19485 16650
19964 17753
19764 16865
19452 19238
20203 16926
17008 13214
16844 15366
19753 19262
19573 18918
19737 17552
19592 18009
19757 19752
19708 16859
19371 14217
19702 18968
19601 16245
19607 15890
19815 15297
19678 14914
19531 19312
19444 14433
19677 18980
19698 13601
19382 13934
19592 18236
19452 14608
19839 17297
19885 13294
19624 17654
19780 19245
19706 17336
17536 15538
19551 17299
19319 19319
19834 19593
19925 17894
19460 17965
19433 18337
19320 19043
