10005 7984
10148 4679
9818 8211
10003 6438
9817 5316
9841 7401
10084 5340
10066 7289
9521 5167
9939 7419
10230 6125
9961 3320
10083 9077
9796 5828
10173 4128
10116 10116
10017 8953
10015 9468
10003 9278
10054 10054
10023 8322
9156 8044
10069 9443
9806 2999
10127 5684
9915 6513
10123 6087
10010 3350
9773 6057
9913 6509
9998 9246
10025 6972
10135 7638
10013 8850
9851 8629
10112 5948
10044 4631
10183 8481
9807 8238
10031 8870
10029 9113
10046 7400
10099 8902
10054 9810
9839 6730
9990 7970
9849 9849
9829 6105
10071 7564
9915 8679
10002 5163
9107 7558
9818 7505
9984 9426
10137 7284
9977 4498
9918 8455
9963 9098
10044 5109
9994 4703
10148 5930
9861 7933
10080 2385
9915 5514
10141 6400
10051 5045
10056 9391
10127 8639
9937 8449
10129 9970
10156 8940
10122 5525
9768 5810
9894 9894
9866 8784
7572 7037
9990 7369
10113 9610
10012 6037
10065 8107
9911 5451
10095 6162
10130 6924
10139 6978
10008 4181
9926 8418
9968 8481
9940 9763
9412 7696
10060 7430
10071 9927
9942 5987
9982 8760
10076 5659
9922 5701
9840 8639
10128 6016
10039 7009
10103 8620
9897 3458
