10471 9353
10483 9191
10601 9309
10236 8424
10247 9843
10202 0
9970 9968
10319 9692
10155 6242
10321 10072
10204 3353
10118 5926
10470 9841
10166 5308
10339 2660
10312 2958
10175 0
10543 8444
10015 3890
10359 194
10215 558
10156 3855
10278 6927
10226 1772
10140 782
10025 4223
10364 9497
10358 5942
10319 5240
10285 9244
10131 5488
10253 10253
10453 10180
10432 1409
10198 3181
9861 0
10244 9411
10262 6244
10199 9501
10598 10578
6499 6363
10419 8921
10582 10581
10323 8669
10370 5
8761 0
10373 7089
10287 4
10378 9598
10446 9735
10203 10022
10276 173
9903 0
10362 685
10335 6357
10473 6705
10181 8565
10190 597
10773 7966
10336 7937
9626 8497
10121 4009
10487 8267
10249 6322
10196 4369
10473 7731
10525 8096
10279 1
10595 47
10107 9045
10192 7734
10187 4077
10003 6381
10197 2356
10312 9861
10455 73
10259 0
10147 8606
10638 9314
10224 10224
10441 514
10394 6259
10191 4031
10475 0
10179 9163
10171 8806
10305 0
9855 8154
10401 0
10214 401
10380 0
10167 0
10530 10529
10281 10279
10343 1366
10228 7298
10381 6458
10527 9480
10352 10352
10298 8258
