19869 19869
19682 18661
19613 17381
19298 18842
19742 19376
19599 11376
19729 19729
19965 17757
19620 16177
19661 15797
19636 19636
19909 18836
19488 19113
19985 18900
18110 17328
19838 18041
19219 18591
19462 19454
19654 19269
19732 19421
19476 15534
19820 19820
19603 19603
19798 19390
19676 19676
19846 19449
19727 15918
19790 19790
19770 18892
19802 19802
13018 9284
19677 19665
19683 19683
19650 19645
19771 17025
19649 19436
19485 16852
19964 19320
19764 18593
19452 19452
20203 20200
17008 16595
16844 16844
19753 19750
19573 19572
19737 19737
19592 18272
19757 19757
19708 19708
19371 15716
19702 19357
19601 19580
19607 17435
19815 16697
19678 16313
19531 19531
19444 19216
19677 19677
19698 18767
19382 19279
19592 19592
19452 18713
19839 19839
19885 14771
19624 19325
19780 19294
19706 19706
17536 17414
19551 19551
19319 19319
19834 19834
19925 19902
19460 18999
19433 19432
19320 19320
