10471 10464
10483 10159
10601 10448
10236 10200
10247 10246
10202 4153
9970 9970
10319 10319
10155 7038
10321 10321
10204 8722
10118 10115
10470 10470
10166 9738
10339 9896
10312 9876
10175 0
10543 10543
10015 9081
10359 4976
10215 10009
10156 4493
10278 9262
10226 1772
10140 993
10025 5859
10364 10072
10358 9927
10319 10314
10285 9361
10131 5513
10253 10253
10453 10453
10432 10432
10198 9202
9861 1004
10244 10244
10262 9404
10199 10199
10598 10598
6499 6499
10419 10419
10582 10582
10323 8986
10370 9707
8761 1
10373 10322
10287 5981
10378 10378
10446 10445
10203 10203
10276 177
9903 3570
10362 8315
10335 8333
10473 9222
10181 9792
10190 597
10773 8273
10336 10119
9626 9608
10121 6064
10487 10313
10249 7215
10196 8008
10473 10438
10525 8257
10279 9233
10595 9596
10107 10104
10192 10192
10187 4091
10003 9697
10197 8352
10312 10006
10455 2683
10259 3775
10147 10147
10638 10005
10224 10224
10441 10176
10394 10364
10191 9893
10475 259
10179 10179
10171 8864
10305 6
9855 9855
10401 0
10214 8966
10380 3270
10167 1766
10530 10530
10281 10281
10343 9551
10228 9405
10381 7878
10527 9916
10352 10352
10298 9902
