10005 8276
10148 7957
9818 8937
10003 7047
9817 6506
9841 9841
10084 9637
10066 10066
9521 9519
9939 9939
10230 9065
9961 8213
10083 10083
9796 9051
10173 7912
10116 10116
10017 9518
10015 10012
10003 9853
10054 10054
10023 10023
9156 8345
10069 10069
9806 5192
10127 6422
9915 8227
10123 9930
10010 4981
9773 9741
9913 8439
9998 9939
10025 10025
10135 10135
10013 9035
9851 9851
10112 9034
10044 7532
10183 9199
9807 9780
10031 9468
10029 9574
10046 8949
10099 10099
10054 10054
9839 9835
9990 9580
9849 9849
9829 6292
10071 9485
9915 9361
10002 5941
9107 9107
9818 9818
9984 9984
10137 9702
9977 6114
9918 9918
9963 9963
10044 9052
9994 5826
10148 7485
9861 9861
10080 6686
9915 9886
10141 8778
10051 9428
10056 10056
10127 9405
9937 9785
10129 10098
10156 10156
10122 7554
9768 9443
9894 9894
9866 9073
7572 7571
9990 8661
10113 10071
10012 9389
10065 9682
9911 9900
10095 6718
10130 9366
10139 8702
10008 6620
9926 9926
9968 9968
9940 9940
9412 8959
10060 9297
10071 10071
9942 9919
9982 9684
10076 9582
9922 9658
9840 9833
10128 6051
10039 9582
10103 9888
9897 4672
