5.86195 1988
3.03003 1378
3.02786 2440
4.56426 1548
3.40886 1373
3.45897 1250
3.48566 2173
3.21269 2515
3.40137 1130
3.08266 1759
3.09616 1424
2.95025 2637
5.96534 1581
3.06125 2458
3.03454 2900
4.02811 1907
3.77493 1906
2.98568 1528
3.46458 1540
3.07051 1203
3.05771 1154
3.17014 1343
4.339 1388
2.99089 2138
3.59685 1263
5.19582 2023
3.49015 1220
3.5396 1209
2.94948 1516
3.29661 2133
3.3083 1281
2.94229 1357
4.6978 1750
3.13937 1546
3.62028 1254
3.57556 1935
3.66747 1076
3.78113 1932
3.94513 1689
3.51869 1822
4.88387 1887
3.18842 2343
3.31823 2521
3.22071 1866
5.3406 2384
4.96904 1782
3.08168 1517
3.15052 2538
3.25842 2355
3.40486 2342
3.11437 587
3.31796 1387
3.24801 1275
3.28004 1998
3.26022 1195
3.04028 1155
3.06113 1483
3.66964 1406
3.97438 1286
3.7277 1406
2.95152 2538
3.10358 1486
3.72909 1721
2.94251 934
3.22923 1883
3.09764 1649
3.79228 1812
4.83848 1890
3.13126 1329
2.94587 2992
3.47755 2127
2.95616 1617
4.43374 1630
4.18968 1427
3.7036 1860
