2.94316 332
304.735 302
2.98081 305
46.2214 315
532.87 469
117.718 411
451.358 271
4.70945 356
2.95426 285
3.08059 281
3.29297 336
2.95231 312
2.98795 305
3.26584 436
2.95644 324
15.4165 534
4.54211 417
3.04504 521
12.6127 391
2.94794 332
3.1779 659
3.0426 306
3.09224 288
2.95752 301
3.04734 320
2.94229 302
395.306 313
3.30375 317
421.26 331
2.95478 319
2.97453 318
146.804 429
3.2389 307
2.95322 353
8.05081 473
4.73154 489
2.95222 303
89.4964 352
10.4115 497
2.97708 280
2.95003 279
4.5872 300
2.9482 650
2.9487 305
2.97882 309
3.16724 271
63.6704 383
3.03539 302
2.94246 282
3.07553 882
3.10026 315
3.39509 370
65.8259 374
3.03558 437
4.21208 380
2.94264 294
2.96895 401
3.13219 539
3.628 525
3.09652 321
19.986 305
2.95205 469
452.191 296
3.06426 295
3.08942 286
2.96247 277
76.7463 293
2.98715 559
77.9154 335
133.088 377
2.97647 376
2.94686 298
67.3963 338
3.02598 358
2.96107 292
2.94379 349
2.99009 303
41.78 328
4.29315 354
2.96643 302
2.95195 289
3.01149 442
3.88738 322
2.9423 343
2.94521 306
3.13745 351
2.97085 322
53.5015 360
2.96382 294
3.53772 310
2.94277 307
5.13165 302
3.2498 307
19.318 352
3.08418 241
2.96653 317
3.01404 304
3.1771 377
3.04072 253
771.735 352
