274.743 813
268.023 752
130.652 1025
68.5955 857
121.169 333
401.014 402
106.27 2132
15.7663 728
51.9229 554
75.1613 997
73.0498 445
146.173 498
101.458 1279
177.046 418
249.588 684
379.514 400
835.743 744
47.023 824
401.75 431
324.256 438
382.982 653
3.57761 405
133.111 523
776.056 359
715.12 653
198.074 372
237.88 936
228.799 311
289.921 710
197.305 1014
251.214 440
37.8344 805
89.9494 797
348.589 1124
358.024 295
1157.46 928
64.464 516
232.825 731
154.141 608
136.001 1268
38.4774 1198
4.50083 1165
83.7098 597
134.731 381
389.71 939
865.963 443
293.314 383
497.489 498
39.5827 857
78.2968 1123
66.5673 637
1054.94 1301
728.72 485
476.3 739
130.821 401
231.867 613
296.271 608
973.845 547
6.89786 1684
283.913 581
192.772 1222
631.882 309
57.4998 765
247.768 483
80.1624 331
46.7486 1596
13.3208 817
414.191 1150
390.816 922
186.562 1450
102.629 658
14.3904 486
166.244 653
470.256 449
168.781 831
598.537 543
444.818 383
153.247 602
202.911 1363
27.6316 629
368.156 998
202.099 760
258.452 529
607.337 711
131.343 1035
174.477 287
563.951 764
284.517 409
926.281 745
428.955 616
506.511 605
504.56 376
61.0506 998
52.544 640
407.801 349
179.173 517
41.8547 535
148.362 1021
183.686 386
46.4612 459
